1 5 3 26
2 0 1 4
1 4 3 21
1 5 0 12
1 5 1 34
3 5 3 5
14 3 2 11
1 8 2 25
5 3 1 28
1 0 3 27
1 9 3 18
14 5 1 1
14 0 3 10
0 0 3 10
10 2 1 7
1 5 1 0
5 0 1 23
14 8 0 24
14 5 1 1
8 0 1 17
1 2 0 29
14 0 1 23
1 0 3 27
0 3 1 6
12 8 1 14
5 5 1 0
5 0 3 16
8 5 1 0
1 5 1 0
7 5 1 34
0 4 3 5
1 0 2 30
3 5 3 32
14 0 3 15
7 5 1 1
8 5 2 33
15 0 2 36
14 0 1 35
1 2 0 20
14 2 2 8
1 0 2 30
10 5 1 0
1 0 1 3
1 4 3 21
1 4 0 12
14 0 0 31
14 0 2 36
7 0 1 23
5 0 3 10
10 2 2 8
5 0 3 10
1 2 0 29
14 5 0 12
14 5 2 2
10 5 1 28
5 0 1 23
1 8 3 16
5 0 1 13
1 4 3 21
8 5 2 8
16 0 3 27
14 3 2 6
1 0 2 30
8 1 1 7
5 2 1 37
16 0 2 6
5 8 0 19
1 5 1 6
3 2 0 20
1 8 3 16
1 5 1 0
8 5 3 5
1 4 0 9
14 5 2 33
1 5 2 8
8 0 3 15
14 2 2 8
3 0 3 15
4 0 1 23
1 4 3 26
5 0 1 23
7 8 3 16
1 0 3 22
7 0 3 22
10 5 2 33
1 5 3 21
13 2 2 8
0 5 1 0
11 0 3 22
1 4 3 26
12 5 3 26
14 3 2 28
5 5 3 5
7 10 3 26
0 5 3 5
8 5 2 8
1 2 0 29
1 2 0 29
13 0 1 4
1 7 0 12
5 0 3 22
1 0 1 17
10 5 2 2
4 8 3 16
6 9 3 18
10 8 0 19
0 9 3 16
8 7 0 12
1 8 0 24
1 0 1 17
6 5 1 0
13 0 2 28
1 2 0 20
12 0 3 5
6 5 3 32
14 1 2 8
14 2 2 8
13 0 1 23
14 2 0 29
5 0 2 36
1 2 0 29
0 5 1 1
5 9 1 4
14 0 0 31
8 0 1 37
14 2 1 7
12 0 1 35
14 8 0 24
1 2 0 20
1 5 3 26
0 3 2 6
1 9 1 18
1 2 0 29
12 5 2 2
2 0 1 6
16 5 1 0
10 5 1 0
0 0 3 27
5 0 1 14
1 4 3 38
13 2 2 8
14 0 1 35
1 2 0 20
1 4 3 26
5 5 3 5
0 0 3 10
5 5 1 0
14 2 1 7
13 5 1 1
8 2 1 7
11 0 2 11
1 5 1 7
1 5 1 0
14 0 0 31
7 0 1 37
5 0 2 30
8 2 1 7
1 9 1 18
1 0 1 35
10 5 2 2
2 0 3 15
3 5 3 5
15 8 2 25
1 0 2 28
1 9 1 18
5 0 1 35
10 5 3 5
0 5 1 34
10 8 0 19
14 5 3 26
10 5 2 2
8 0 3 32
1 5 3 38
1 2 0 12
0 2 1 7
1 0 2 30
1 0 1 35
0 5 3 5
0 0 3 10
1 2 0 20
1 5 2 28
2 5 3 32
10 0 3 22
1 4 0 12
1 5 2 2
1 2 0 20
5 0 1 35
14 5 2 8
14 0 2 30
14 0 0 31
5 5 3 5
14 0 3 10
1 9 1 18
13 2 1 7
10 5 2 8
14 2 2 2
14 0 1 35
6 0 1 35
14 0 2 33
15 9 1 4
1 4 3 26
1 0 1 3
5 5 1 28
5 0 3 27
6 0 3 27
14 2 1 1
3 7 3 21
14 0 0 31
10 8 0 19
1 0 0 31
1 0 1 23
1 4 0 12
3 5 3 38
5 5 1 0
1 2 0 9
1 2 0 29
15 8 0 19
1 5 1 0
0 5 3 32
5 5 2 2
7 8 1 14
1 9 1 18
14 4 2 11
1 5 1 28
8 5 1 0
5 0 1 23
8 2 0 9
1 0 3 10
2 0 3 15
3 5 2 25
8 0 3 27
1 7 3 21
3 5 1 0
1 2 2 8
3 4 3 38
3 0 1 6
14 0 2 36
8 0 1 23
5 1 1 7
14 8 0 24
10 5 2 33
2 8 3 10
1 7 3 21
6 0 1 35
0 9 1 4
1 5 1 0
14 5 2 8
1 2 0 20
1 0 3 27
12 0 1 17
1 2 0 29
8 8 1 14
1 5 3 38
1 4 0 12
8 0 3 37
1 0 1 3
14 0 3 10
1 2 0 20
1 5 3 26
0 9 1 18
11 5 2 2
14 5 1 1
1 9 1 23
8 0 1 13
3 0 1 13
12 0 0 31
12 5 1 0
1 8 1 14
14 5 3 21
1 2 0 9
7 5 3 5
10 8 1 14
8 0 0 31
1 2 3 38
8 5 3 5
1 8 3 16
14 8 2 11
14 5 1 0
0 6 0 9
8 8 2 25
14 5 2 2
0 5 1 34
12 0 0 31
14 0 1 3
15 5 3 32
14 8 0 24
14 0 2 30
1 2 0 20
12 2 0 12
15 0 3 27
1 8 0 24
1 0 2 30
5 5 2 33
1 2 0 29
0 5 1 1
6 9 1 4
14 5 1 0
1 0 0 29
5 0 1 37
15 0 2 36
0 5 1 6
3 7 0 12
10 3 2 11
7 9 3 16
1 5 3 26
3 9 3 18
14 2 1 7
3 5 2 25
1 5 3 38
1 5 1 7
5 0 1 13
5 5 1 0
5 0 1 17
5 5 3 5
1 5 3 38
1 5 1 0
14 5 1 0
1 4 3 21
12 0 0 31
4 6 2 6
12 0 1 13
5 8 0 19
1 0 1 35
8 0 3 15
14 0 3 10
4 0 3 15
3 0 1 37
4 5 3 38
5 0 3 27
12 0 1 17
10 6 0 9
8 0 2 33
10 6 2 6
14 9 2 30
5 8 0 19
8 5 2 33
1 0 0 31
8 5 1 34
5 0 2 11
3 0 3 22
1 5 0 9
4 5 1 28
2 0 1 13
12 5 3 32
12 5 1 33
12 2 0 9
2 5 2 33
7 0 3 27
1 4 3 21
10 5 3 5
3 2 0 9
1 8 0 19
14 0 2 11
1 2 0 12
11 0 1 3
1 9 3 16
1 0 0 31
0 9 1 4
5 5 1 0
12 5 1 28
5 0 0 29
14 2 1 7
1 0 1 37
1 9 3 16
11 0 3 10
2 0 3 10
12 2 1 0
11 0 1 17
1 2 0 29
10 5 2 2
1 0 2 30
0 5 1 34
10 5 1 0
13 2 2 8
0 5 1 0
14 0 3 10
1 8 2 11
14 2 1 7
12 5 1 0
8 0 2 25
2 0 2 6
15 0 2 36
7 5 1 1
5 9 3 16
10 3 2 28
8 5 0 12
9 0 3 27
5 5 3 5
1 4 3 26
10 5 1 1
4 0 1 3
14 0 3 15
4 5 3 38
14 2 1 7
7 5 2 2
0 0 3 10
1 5 3 38
1 0 0 29
1 8 0 19
1 4 3 38
0 0 3 32
1 9 3 16
14 5 2 6
0 0 3 15
1 8 2 25
5 0 1 3
1 5 1 0
14 0 2 36
12 0 1 14
1 5 3 21
14 10 2 11
1 2 0 12
1 0 2 36
4 8 3 16
14 5 2 2
1 7 3 21
14 5 2 33
14 0 2 36
5 5 1 28
9 0 1 14
5 0 1 3
6 5 2 8
14 0 1 23
14 8 0 24
8 1 1 7
14 8 0 24
1 8 2 25
1 2 1 37
14 8 0 24
1 0 1 37
14 0 3 15
1 0 1 17
12 0 1 6
14 5 2 2
10 5 1 1
10 9 1 4
1 5 3 26
8 0 1 17
5 8 0 19
1 4 0 12
13 0 2 36
14 0 2 30
8 0 0 31
6 0 1 3
8 5 2 33
14 8 0 24
5 0 1 14
13 2 2 8
2 2 1 7
13 2 2 8
3 0 3 22
7 0 1 13
1 0 1 13
1 7 0 12
14 5 1 1
8 0 1 14
7 0 1 17
3 2 0 12
1 7 3 26
12 8 1 14
4 0 3 22
1 2 0 20
6 0 3 10
0 5 1 34
1 2 3 38
1 5 3 21
0 0 1 37
1 4 0 12
14 8 0 19
1 5 0 9
1 8 2 25
7 10 3 21
1 7 2 30
0 5 1 34
7 9 3 18
8 0 1 28
3 0 2 25
3 0 1 3
14 5 3 26
0 0 3 32
15 0 2 36
0 5 3 5
1 2 0 29
13 2 1 7
2 0 2 36
14 0 3 15
1 2 0 20
1 5 0 12
1 2 0 12
5 9 2 30
3 2 0 20
14 5 2 33
14 5 2 33
1 5 3 38
13 1 2 8
13 0 3 10
0 8 2 25
14 5 1 0
15 8 1 14
3 0 3 22
1 5 1 0
14 0 3 15
1 8 2 11
1 5 3 26
7 5 1 34
10 0 2 36
4 5 2 2
14 8 2 11
14 0 1 3
1 2 0 20
7 0 1 17
6 0 1 3
1 0 1 17
8 0 1 3
13 0 1 17
10 0 1 23
1 0 3 22
10 3 0 9
9 0 0 31
2 0 3 15
13 6 0 9
1 2 0 20
2 5 1 0
14 8 0 24
1 7 3 26
1 0 3 37
14 8 0 24
3 4 0 12
14 5 1 28
15 8 0 19
4 2 0 29
1 0 2 11
2 0 3 15
1 5 3 38
3 2 0 12
1 9 3 18
14 0 0 31
1 8 3 16
7 0 3 17
0 0 1 23
12 5 1 34
8 9 1 4
6 9 1 23
5 3 2 6
1 2 3 38
1 5 2 30
12 5 1 0
10 5 2 2
2 9 1 4
1 8 0 19
7 5 1 0
0 0 3 22
3 2 0 20
1 0 3 22
3 0 3 10
1 8 0 24
1 9 1 4
3 5 3 26
15 5 2 6
3 0 0 31
5 0 2 30
1 5 1 28
10 9 3 18
1 5 3 21
10 2 2 8
5 0 2 11
1 0 3 27
8 8 0 19
7 10 3 21
1 2 2 2
0 5 3 5
16 9 1 4
1 5 3 5
6 0 1 13
0 9 1 4
1 8 0 19
13 5 1 0
7 8 1 14
14 5 3 5
1 5 1 34
1 5 3 26
1 9 0 29
1 0 1 17
8 8 3 16
15 0 2 36
8 5 1 0
0 2 1 1
5 5 3 5
7 0 1 13
7 9 1 13
15 5 3 5
13 2 2 8
0 6 0 9
5 0 1 35
1 0 2 30
13 0 3 15
7 0 3 27
8 5 3 0
1 8 2 11
6 5 2 8
0 4 3 22
5 0 3 32
14 5 2 33
1 0 0 31
13 0 1 23
14 0 3 10
1 8 0 19
1 5 2 25
1 0 1 28
7 9 1 4
12 0 3 6
1 8 0 19
1 5 3 21
14 8 1 14
1 8 0 24
0 0 2 6
5 0 2 36
1 4 3 26
14 5 3 32
1 9 1 18
13 0 3 32
1 5 1 0
1 2 0 29
0 0 2 28
1 8 0 19
1 5 0 9
1 4 0 12
2 5 1 0
2 8 0 24
1 0 1 17
10 0 1 14
14 0 1 35
1 5 1 34
8 0 1 17
3 0 1 35
1 0 3 22
0 0 1 28
10 2 1 1
14 8 0 24
1 0 2 36
1 4 3 21
1 5 3 26
15 5 1 34
1 5 3 26
5 0 3 22
8 5 2 33
5 8 2 25
1 0 3 22
1 5 2 30
5 0 1 37
1 0 2 30
1 2 0 29
2 0 3 15
9 0 3 5
1 0 3 22
1 7 2 11
1 9 3 18
7 9 1 4
0 0 3 10
1 2 0 20
3 5 2 2
14 5 1 1
3 9 1 18
3 0 1 3
4 0 2 25
4 0 1 14
1 7 3 21
5 8 3 16
1 7 3 26
1 5 2 25
1 8 0 24
14 0 3 27
1 4 3 22
0 0 3 15
1 2 0 29
1 8 3 16
12 0 3 22
0 5 1 34
4 0 1 3
15 0 0 31
0 5 1 34
16 0 1 14
0 5 3 32
7 0 3 15
8 5 1 0
5 8 2 25
1 9 3 16
1 0 2 36
14 2 1 1
8 5 1 0
1 0 3 15
13 0 1 35
0 0 1 37
14 0 2 30
5 5 2 2
1 0 3 22
5 0 1 35
1 5 3 26
1 7 3 26
1 8 3 16
0 5 1 1
1 0 1 17
1 0 2 30
13 6 0 9
1 5 3 26
1 2 1 7
3 10 3 38
3 0 1 17
14 0 3 27
5 0 3 22
10 8 0 19
9 0 1 3
5 0 3 27
3 9 1 18
1 9 3 18
8 1 2 8
15 5 2 2
1 8 3 16
1 8 3 16
1 4 3 21
6 4 0 12
1 9 1 4
0 5 1 1
14 5 1 0
12 2 1 6
1 5 3 38
14 2 2 8
1 5 1 0
8 1 1 7
10 0 2 6
7 0 0 31
3 0 3 4
1 0 1 37
8 5 1 34
1 9 1 23
15 0 3 27
9 8 1 14
1 0 2 11
1 9 3 16
1 2 0 20
12 10 0 9
3 5 3 6
5 5 2 33
3 9 1 18
1 4 3 21
8 5 1 33
1 9 1 18
8 5 3 32
1 0 0 31
10 3 0 9
14 0 3 15
3 5 2 33
4 8 3 16
1 0 3 22
12 0 2 33
14 2 1 1
1 9 3 18
1 4 3 21
1 8 2 25
1 0 2 30
8 5 1 0
0 0 0 29
1 1 1 37
1 0 1 17
5 0 1 3
1 5 0 12
1 7 3 26
15 9 1 4
8 5 3 5
11 0 2 36
1 8 0 24
10 1 2 8
14 8 3 16
1 0 1 17
6 0 3 22
8 0 1 35
1 9 3 16
1 3 2 11
0 5 1 34
5 7 2 11
5 0 1 7
0 0 3 10
5 0 1 35
5 0 1 23
14 8 1 14
1 2 1 7
1 5 2 30
5 0 1 3
10 0 3 27
12 5 0 9
5 0 1 35
1 2 0 29
5 5 3 32
5 0 1 35
5 5 3 5
3 9 3 18
1 9 3 16
14 8 0 24
1 5 1 1
0 5 3 5
1 7 3 21
4 3 0 9
1 5 1 34
14 8 0 24
0 5 2 2
1 9 1 4
1 5 0 9
14 0 2 36
14 5 2 33
6 0 1 13
5 8 3 16
8 0 2 6
14 5 1 1
1 7 3 26
1 5 3 21
1 8 0 24
14 5 2 2
1 0 3 22
1 0 2 30
14 0 2 25
5 5 1 1
1 4 0 9
1 5 0 12
0 0 1 23
9 9 1 4
11 8 0 19
14 2 1 7
1 0 1 35
14 0 1 3
14 0 2 36
14 0 2 30
5 0 3 27
1 9 1 18
10 7 0 12
14 5 2 2
15 0 1 3
1 9 3 18
1 0 2 30
3 9 1 18
0 5 3 5
5 5 2 33
5 1 1 37
5 2 1 7
8 5 2 33
1 0 3 27
6 0 1 13
8 0 1 3
5 6 0 9
1 9 3 16
1 0 1 13
8 0 1 14
14 0 2 11
6 5 3 5
5 0 1 7
5 0 3 10
0 8 2 25
14 0 0 31
14 8 0 24
4 0 2 25
1 5 2 25
1 5 3 26
1 9 2 30
1 8 0 19
1 0 3 16
13 5 2 8
0 5 3 32
9 0 1 13
1 2 0 20
5 2 2 8
13 5 2 2
3 5 3 5
1 0 1 13
11 0 1 17
1 5 2 2
1 5 3 21
1 8 2 25
1 0 1 17
3 1 1 37
16 0 3 27
0 5 3 0
5 5 3 5
1 2 0 29
14 0 3 22
3 2 0 20
14 0 1 35
10 5 2 8
7 8 1 14
8 0 1 13
1 0 1 23
5 0 1 23
3 9 3 18
3 10 3 38
5 8 2 11
0 3 0 9
0 8 0 19
0 5 1 34
1 4 3 26
1 5 3 38
1 4 3 21
1 5 1 7
1 2 0 20
13 2 2 8
14 0 1 28
1 9 3 4
10 0 0 31
5 0 0 29
1 5 1 0
15 0 1 23
15 8 3 16
8 8 3 16
3 5 3 5
1 0 1 23
5 0 3 3
1 8 0 24
11 9 1 4
8 0 1 17
1 0 3 22
15 0 3 15
8 0 2 25
11 0 3 27
1 2 0 12
8 0 1 14
8 0 2 36
0 5 1 28
1 9 2 36
7 0 1 23
13 2 2 8
14 0 1 14
1 2 0 29
14 2 2 2
1 0 1 17
1 2 0 29
5 5 1 0
0 0 3 10
5 5 3 26
1 0 2 25
1 5 3 26
5 5 2 8
15 0 2 36
7 0 1 14
9 0 1 3
1 9 1 4
13 5 2 2
11 0 1 37
3 5 2 2
2 8 3 16
14 0 1 35
1 0 3 16
4 0 3 15
5 5 1 1
5 8 2 11
1 2 0 20
2 0 3 15
14 0 0 31
14 8 0 24
15 5 2 2
13 1 2 8
1 9 1 18
1 8 0 19
14 0 1 35
4 5 3 5
3 4 3 26
1 2 0 20
14 8 0 24
0 0 3 37
14 8 0 24
1 0 1 35
10 5 1 1
6 5 3 0
12 0 1 3
1 7 3 26
12 0 3 10
1 0 3 22
14 0 2 36
3 5 3 26
1 5 3 26
15 5 1 0
1 5 3 38
1 0 3 37
14 0 2 36
5 9 1 23
13 2 1 6
1 9 1 13
1 0 2 30
4 1 1 37
1 0 1 17
1 0 0 31
15 5 1 7
5 0 1 17
1 2 0 29
1 0 2 30
3 5 3 38
13 5 3 32
13 10 2 28
12 0 0 31
13 0 2 8
11 5 1 1
0 0 1 3
10 8 0 19
14 0 2 36
5 0 1 37
14 0 3 10
3 2 0 20
13 8 2 11
1 2 0 20
4 5 2 2
10 5 2 2
12 0 3 10
14 5 2 33
3 9 3 18
1 9 1 18
11 8 0 19
5 0 1 3
1 4 3 26
1 0 0 31
0 5 1 34
4 0 1 37
14 3 2 11
8 0 3 37
3 0 1 35
1 9 3 18
1 8 0 19
1 9 1 4
2 8 0 24
0 5 2 2
14 0 1 35
10 6 0 9
1 9 3 16
8 0 2 36
2 0 3 15
3 0 3 22
4 9 3 4
1 5 1 0
4 3 0 9
1 8 0 19
14 0 1 35
10 0 3 32
10 0 1 17
11 5 3 6
3 2 0 20
2 5 3 32
5 5 1 0
5 5 1 28
10 0 3 22
4 9 1 4
14 0 0 31
1 2 0 20
1 2 0 20
12 7 2 11
2 0 1 3
1 0 2 30
5 5 3 32
5 6 2 6
1 0 0 31
1 8 1 14
5 0 1 14
14 2 1 6
14 0 2 25
14 8 0 24
1 0 2 30
0 0 3 15
3 9 1 4
10 8 2 11
5 0 1 35
8 0 1 35
5 6 0 9
5 5 1 28
1 0 2 11
1 8 0 19
1 4 3 21
8 0 2 30
12 4 0 9
1 8 0 19
1 4 3 26
1 5 3 6
4 1 1 37
3 5 3 32
14 0 3 10
1 0 3 22
1 1 2 25
1 2 0 20
14 0 2 25
1 9 1 18
3 5 0 9
14 0 0 31
1 9 3 18
13 5 1 34
1 4 3 21
5 0 2 36
5 5 3 32
5 8 0 19
1 4 3 26
7 5 1 1
2 5 1 28
8 2 0 9
3 9 3 18
6 5 2 8
12 0 1 13
1 0 2 30
1 1 1 7
0 5 1 34
5 8 0 19
13 2 1 7
15 0 2 36
5 3 1 28
1 0 2 30
9 0 3 37
2 0 3 15
1 9 3 16
5 9 1 4
5 2 2 8
2 5 2 8
14 2 1 1
1 5 0 28
13 0 1 4
5 0 0 29
1 4 3 26
1 4 3 21
3 0 1 13
3 0 1 3
12 9 1 18
5 5 3 29
1 5 1 0
1 0 3 22
1 9 1 4
0 0 1 17
1 0 1 3
14 5 1 0
1 8 0 19
2 9 1 4
5 1 1 7
8 3 2 30
0 5 1 34
0 5 1 33
1 5 3 26
5 0 1 23
10 7 0 12
7 0 3 15
5 5 1 0
1 2 0 20
15 5 2 33
1 8 2 25
5 0 1 13
1 7 0 12
1 9 1 23
1 5 3 21
0 5 1 28
1 5 3 21
3 0 1 13
8 5 1 28
0 0 3 3
14 5 2 2
5 5 3 29
13 5 2 33
0 0 3 6
5 5 1 0
1 2 0 20
5 5 1 28
1 2 0 20
1 9 3 18
13 2 2 8
14 0 3 10
10 1 2 8
14 2 1 7
1 7 0 12
5 0 3 10
1 5 3 38
2 2 2 8
8 0 3 22
5 5 1 0
0 0 3 27
1 0 1 13
14 0 2 28
1 4 3 21
3 2 0 20
3 0 1 37
5 5 3 32
6 0 3 10
1 5 1 0
14 8 0 24
5 0 1 3
10 5 3 32
14 9 1 23
14 0 2 36
5 0 1 14
1 0 3 15
13 3 2 11
6 8 1 14
12 9 1 4
1 10 3 38
15 5 3 32
6 0 1 13
3 9 3 18
5 8 0 19
1 9 3 18
8 0 1 13
11 0 3 10
2 0 1 23
13 5 1 1
1 0 3 22
3 2 0 20
3 0 1 37
0 5 1 34
10 3 2 2
1 8 2 25
5 0 1 23
2 5 2 28
14 0 1 23
16 0 3 27
14 2 2 2
14 9 1 4
13 0 1 35
1 5 3 6
13 2 2 8
13 0 3 15
1 5 3 38
5 0 1 14
2 8 0 19
14 8 2 25
13 5 1 1
14 0 0 31
0 5 1 34
4 5 3 6
2 5 3 5
1 0 3 27
5 5 1 0
1 8 1 14
7 0 3 10
7 9 1 18
1 5 1 0
14 5 2 2
2 5 1 1
1 0 1 13
4 5 3 0
14 0 1 35
5 0 3 15
14 0 3 37
12 5 1 1
2 0 1 3
14 0 0 31
9 5 3 32
14 8 2 11
1 2 0 12
12 10 0 9
7 0 3 10
7 0 3 37
1 4 3 3
14 5 2 2
1 2 0 29
6 5 3 32
0 0 0 29
3 2 3 38
1 5 3 21
3 5 3 26
11 5 3 6
13 5 0 12
0 9 3 18
5 5 1 0
1 0 2 36
9 3 1 6
1 0 0 31
3 5 3 26
1 5 1 0
14 2 1 1
12 7 0 12
5 5 1 0
15 8 1 14
14 5 1 0
11 5 3 0
7 0 3 27
5 5 3 32
1 2 0 29
14 0 3 22
14 2 2 8
5 8 0 19
14 0 2 30
10 5 1 0
7 5 1 34
5 5 2 33
7 5 1 0
5 0 1 17
9 0 1 13
12 5 1 1
0 5 1 34
1 8 0 24
6 9 1 4
0 5 3 32
14 5 1 0
13 9 3 18
0 5 1 34
6 8 2 25
0 5 1 34
1 5 1 34
1 2 0 29
14 9 3 16
1 4 3 26
7 0 1 13
13 0 3 15
11 9 3 10
1 5 0 12
1 9 3 18
14 5 1 0
9 0 3 27
1 7 3 21
7 9 3 4
14 2 2 8
14 2 1 7
1 5 3 21
1 2 0 29
6 0 1 6
12 0 2 30
1 9 2 36
15 8 1 14
13 2 1 7
14 5 1 1
1 4 3 26
1 2 1 7
0 3 1 34
1 5 3 21
3 10 3 21
1 5 3 38
14 0 2 36
12 0 3 27
8 5 1 0
8 0 2 36
7 0 3 15
2 0 3 10
2 0 3 15
1 5 3 38
1 5 1 1
1 5 3 26
8 0 1 3
13 5 2 2
1 4 3 21
5 0 1 17
1 4 3 26
1 0 3 22
5 0 3 37
1 0 1 17
4 2 0 29
14 2 2 8
5 6 0 9
1 5 3 38
1 2 0 20
5 0 1 17
2 0 1 14
12 0 2 36
1 8 1 14
5 8 2 25
1 7 3 26
6 0 1 35
14 5 1 1
5 5 1 0
1 0 1 14
1 5 0 12
13 0 1 13
2 0 1 13
8 0 3 15
13 5 1 34
1 5 1 33
6 0 3 3
1 0 1 17
14 0 0 31
0 0 3 3
14 8 0 24
5 8 0 19
7 0 1 37
1 0 2 36
16 0 3 5
1 4 3 38
1 2 2 8
2 2 2 8
14 5 1 28
1 8 2 11
0 0 3 10
14 0 3 27
8 5 1 0
1 7 3 21
0 0 1 23
1 0 1 23
5 0 1 35
5 0 2 33
1 2 0 29
15 5 1 0
5 0 2 30
14 2 2 8
14 0 3 32
10 5 2 8
14 8 0 24
10 5 2 2
4 0 3 15
1 8 0 24
15 8 2 25
0 5 3 5
3 9 3 18
15 5 2 2
3 9 3 18
1 0 2 30
5 7 2 25
1 5 3 38
12 0 1 13
13 0 1 3
3 5 0 9
